after one line 0.07
after filling deq : 2.796
after filling vec : 3.137
time to process a range of 3000 elements 1.875
time to process a range of 3000 elements 2.284
1
2
3
4
8
16
23
25
28
32
39
40
47
52
55
57
58
60
62
66
68
69
70
71
73
76
77
79
84
85
86
88
92
96
98
102
105
110
112
117
123
124
125
130
133
137
138
139
144
146
150
152
153
155
161
162
164
169
174
179
180
181
182
184
186
192
193
197
198
199
201
205
206
208
211
213
215
220
224
226
229
234
235
236
237
238
239
240
242
245
247
250
251
253
256
257
261
267
268
271
275
276
277
280
287
294
295
300
306
307
308
310
312
315
317
322
325
327
330
340
341
343
347
355
358
360
361
362
368
370
371
381
382
386
387
392
398
404
409
411
413
421
422
429
430
432
434
437
439
440
441
449
457
463
464
469
472
475
478
487
488
493
501
503
508
509
510
514
515
521
531
536
542
545
548
552
555
560
561
563
567
572
575
583
584
586
592
601
604
606
616
618
624
637
644
647
649
651
654
656
659
660
663
666
668
669
673
674
675
680
688
689
691
693
696
700
702
703
708
712
719
721
726
727
729
730
733
735
737
740
741
744
745
750
751
752
756
757
759
760
762
767
771
772
774
775
777
779
783
787
788
789
796
801
802
805
806
807
810
812
813
816
820
821
825
826
827
828
831
832
840
844
849
852
853
858
871
874
877
879
883
887
888
891
892
894
900
903
918
920
926
928
930
932
936
938
939
942
943
944
948
957
966
970
975
977
978
979
980
981
982
984
989
991
996
1002
1003
1004
1010
1016
1020
1025
1027
1029
1033
1034
1040
1045
1050
1052
1054
1056
1057
1060
1063
1067
1069
1070
1073
1079
1082
1084
1086
1087
1099
1103
1105
1106
1110
1115
1119
1127
1128
1133
1142
1143
1145
1147
1151
1154
1155
1159
1160
1162
1164
1169
1171
1176
1180
1183
1186
1189
1190
1191
1192
1193
1201
1207
1209
1212
1216
1223
1226
1228
1230
1231
1232
1233
1238
1239
1242
1243
1248
1254
1261
1266
1269
1270
1278
1280
1281
1284
1286
1288
1290
1291
1292
1295
1296
1297
1298
1303
1305
1309
1314
1328
1330
1333
1335
1337
1338
1339
1341
1343
1349
1350
1355
1360
1365
1366
1369
1372
1377
1378
1380
1382
1383
1385
1386
1391
1394
1395
1401
1402
1405
1407
1408
1409
1410
1412
1415
1418
1419
1420
1422
1426
1428
1429
1430
1432
1434
1436
1438
1439
1441
1445
1449
1452
1454
1457
1458
1460
1464
1465
1466
1467
1471
1474
1475
1477
1478
1480
1481
1485
1488
1490
1491
1492
1494
1496
1497
1501
1502
1510
1511
1513
1514
1515
1523
1525
1538
1542
1545
1547
1548
1553
1555
1558
1567
1568
1570
1572
1573
1580
1583
1585
1590
1591
1593
1594
1596
1597
1601
1606
1617
1621
1624
1626
1631
1634
1636
1639
1640
1642
1644
1647
1651
1653
1654
1660
1661
1662
1665
1668
1670
1671
1672
1675
1682
1684
1686
1689
1694
1697
1701
1702
1703
1704
1705
1706
1711
1712
1714
1719
1721
1723
1726
1727
1732
1736
1737
1742
1744
1754
1756
1759
1763
1765
1766
1775
1779
1781
1786
1787
1789
1791
1796
1797
1800
1802
1815
1816
1817
1821
1822
1823
1824
1825
1834
1838
1841
1845
1846
1847
1849
1851
1852
1853
1856
1860
1867
1873
1876
1878
1882
1888
1889
1893
1895
1900
1901
1903
1904
1905
1913
1922
1923
1927
1935
1939
1942
1946
1947
1949
1954
1956
1959
1966
1973
1974
1976
1979
1980
1982
1986
1987
1992
1993
1995
2006
2009
2012
2017
2018
2023
2025
2026
2027
2032
2035
2039
2041
2048
2051
2059
2069
2070
2077
2081
2083
2085
2091
2095
2097
2102
2103
2105
2107
2109
2110
2117
2118
2121
2122
2127
2128
2137
2139
2141
2144
2145
2150
2151
2152
2153
2156
2158
2164
2172
2174
2178
2179
2186
2187
2189
2190
2191
2196
2200
2201
2205
2210
2213
2221
2223
2227
2229
2237
2244
2246
2247
2249
2254
2257
2258
2268
2271
2272
2273
2274
2275
2287
2288
2290
2294
2295
2298
2301
2302
2308
2309
2310
2311
2314
2320
2325
2326
2327
2333
2337
2338
2341
2343
2350
2355
2362
2363
2364
2365
2371
2381
2383
2392
2397
2402
2403
2407
2410
2414
2415
2418
2420
2421
2425
2432
2435
2436
2437
2438
2441
2443
2445
2446
2447
2449
2452
2454
2460
2461
2462
2463
2468
2476
2481
2482
2483
2484
2485
2486
2489
2492
2502
2503
2507
2510
2511
2516
2522
2530
2531
2533
2534
2537
2542
2544
2545
2552
2558
2560
2561
2562
2563
2564
2568
2570
2572
2573
2574
2577
2578
2585
2600
2614
2616
2622
2623
2629
2632
2634
2636
2638
2644
2646
2647
2648
2649
2651
2654
2661
2663
2666
2667
2669
2671
2673
2674
2682
2683
2690
2693
2702
2708
2712
2713
2715
2718
2723
2729
2737
2753
2754
2764
2765
2766
2767
2773
2779
2780
2784
2786
2790
2794
2797
2807
2810
2811
2814
2815
2821
2822
2828
2835
2836
2845
2846
2848
2851
2856
2858
2861
2862
2865
2868
2870
2871
2873
2874
2883
2885
2886
2888
2890
2891
2892
2901
2912
2918
2922
2923
2924
2938
2940
2944
2945
2946
2948
2950
2954
2956
2957
2958
2959
2960
2963
2965
2968
2971
2973
2974
2976
2977
2980
2982
2987
2992
2993
2996
2997
3003
3008
3009
3012
3013
3016
3020
3024
3027
3030
3031
3033
3035
3037
3048
3049
3052
3053
3055
3056
3059
3060
3065
3070
3072
3073
3080
3082
3084
3086
3087
3089
3090
3100
3112
3131
3133
3136
3145
3149
3159
3165
3168
3171
3174
3176
3177
3184
3189
3190
3192
3197
3198
3206
3209
3211
3212
3228
3229
3230
3232
3236
3241
3246
3250
3251
3253
3254
3255
3256
3259
3261
3267
3271
3272
3276
3277
3282
3284
3289
3291
3292
3298
3311
3313
3314
3322
3326
3333
3334
3338
3339
3343
3344
3345
3348
3352
3353
3354
3361
3365
3367
3368
3374
3390
3403
3404
3407
3408
3409
3413
3414
3415
3417
3419
3420
3430
3435
3442
3443
3446
3448
3457
3461
3462
3472
3474
3481
3485
3486
3490
3491
3494
3497
3502
3510
3512
3516
3518
3519
3521
3522
3542
3543
3547
3553
3554
3557
3561
3566
3575
3577
3580
3583
3584
3587
3588
3590
3594
3600
3602
3604
3607
3608
3612
3613
3618
3623
3626
3632
3633
3635
3638
3640
3642
3643
3645
3650
3654
3655
3658
3659
3664
3665
3666
3667
3671
3674
3681
3684
3685
3686
3687
3691
3695
3698
3706
3709
3712
3713
3716
3718
3723
3724
3726
3737
3740
3741
3743
3749
3753
3758
3760
3767
3770
3776
3778
3779
3783
3784
3787
3789
3791
3796
3798
3800
3805
3806
3809
3810
3812
3814
3815
3816
3819
3821
3825
3826
3829
3830
3832
3833
3835
3836
3845
3847
3848
3856
3859
3865
3874
3877
3881
3886
3893
3896
3901
3904
3913
3914
3916
3917
3933
3944
3945
3946
3950
3952
3953
3954
3958
3961
3964
3967
3968
3973
3974
3976
3977
3978
3981
3982
3992
3995
3996
3998
4003
4007
4008
4009
4011
4012
4014
4019
4021
4025
4026
4027
4035
4038
4039
4041
4042
4053
4060
4063
4065
4067
4068
4070
4074
4075
4076
4079
4081
4093
4095
4102
4110
4114
4115
4117
4124
4126
4136
4138
4139
4142
4152
4161
4165
4168
4169
4170
4175
4177
4183
4188
4189
4191
4192
4193
4195
4206
4210
4211
4213
4217
4222
4223
4224
4226
4228
4231
4239
4247
4248
4250
4254
4261
4263
4265
4274
4277
4279
4282
4285
4287
4288
4296
4304
4308
4309
4310
4311
4312
4314
4315
4318
4323
4324
4327
4331
4336
4348
4352
4353
4357
4361
4367
4371
4375
4377
4378
4379
4382
4385
4394
4395
4396
4410
4412
4415
4416
4421
4425
4427
4428
4429
4430
4434
4437
4439
4442
4447
4457
4460
4462
4470
4474
4481
4486
4487
4493
4494
4497
4500
4501
4504
4505
4507
4511
4519
4529
4530
4537
4541
4543
4547
4548
4551
4552
4554
4557
4558
4561
4563
4568
4570
4577
4585
4586
4590
4591
4595
4600
4601
4611
4613
4614
4616
4618
4621
4630
4634
4638
4641
4643
4644
4651
4659
4661
4666
4671
4674
4677
4682
4684
4687
4695
4697
4698
4702
4703
4706
4708
4711
4722
4726
4729
4733
4734
4741
4742
4743
4746
4749
4753
4754
4756
4758
4759
4768
4770
4772
4774
4777
4799
4806
4813
4815
4821
4822
4826
4827
4832
4833
4834
4837
4840
4841
4845
4848
4849
4851
4852
4863
4864
4866
4870
4871
4882
4892
4895
4899
4907
4913
4921
4923
4933
4935
4937
4938
4943
4944
4951
4957
4962
4970
4972
4974
4976
4978
4980
4981
4983
4986
4988
4991
4992
5000
5006
5018
5019
5034
5036
5037
5041
5043
5044
5047
5055
5056
5059
5069
5070
5074
5075
5076
5078
5080
5089
5092
5097
5098
5100
5103
5104
5106
5110
5117
5118
5119
5121
5124
5125
5126
5133
5134
5135
5140
5144
5145
5146
5148
5151
5157
5161
5167
5170
5172
5175
5178
5182
5185
5190
5192
5195
5197
5208
5212
5214
5217
5221
5224
5228
5231
5236
5240
5241
5245
5248
5249
5252
5253
5257
5260
5262
5263
5267
5269
5272
5274
5278
5279
5289
5293
5297
5303
5309
5311
5316
5317
5318
5319
5323
5325
5328
5332
5333
5334
5337
5341
5344
5347
5349
5350
5354
5358
5359
5361
5363
5365
5375
5377
5378
5382
5384
5385
5391
5399
5404
5407
5410
5412
5417
5422
5428
5429
5434
5439
5441
5446
5449
5453
5455
5456
5460
5464
5468
5495
5498
5500
5504
5505
5506
5508
5510
5511
5515
5517
5518
5521
5525
5535
5542
5543
5549
5550
5551
5553
5561
5562
5565
5566
5568
5570
5572
5573
5574
5584
5585
5588
5589
5594
5595
5597
5601
5602
5605
5606
5618
5623
5625
5626
5628
5634
5635
5637
5641
5647
5650
5655
5657
5661
5662
5666
5667
5668
5669
5670
5672
5676
5677
5678
5680
5684
5686
5687
5691
5695
5699
5705
5712
5715
5720
5724
5728
5732
5739
5741
5744
5746
5747
5749
5754
5761
5762
5765
5766
5768
5773
5783
5784
5786
5791
5792
5794
5797
5800
5802
5805
5808
5810
5812
5814
5816
5818
5819
5820
5822
5824
5826
5829
5831
5834
5836
5839
5846
5849
5850
5853
5855
5861
5862
5869
5872
5878
5881
5885
5890
5909
5912
5925
5937
5938
5939
5941
5944
5958
5960
5964
5969
5970
5971
5975
5976
5983
5985
5986
5987
5990
5994
5995
6004
6011
6025
6030
6033
6036
6037
6039
6041
6047
6051
6055
6056
6062
6065
6066
6068
6075
6079
6082
6083
6085
6094
6095
6096
6099
6100
6104
6106
6111
6115
6117
6121
6126
6138
6144
6155
6159
6165
6169
6173
6175
6177
6178
6182
6186
6187
6188
6189
6190
6192
6194
6197
6200
6202
6203
6204
6207
6210
6212
6214
6215
6216
6219
6234
6236
6239
6243
6245
6247
6252
6253
6266
6267
6271
6273
6274
6275
6281
6283
6286
6290
6292
6296
6299
6300
6302
6304
6305
6306
6313
6315
6318
6325
6332
6340
6341
6343
6345
6349
6350
6352
6354
6356
6358
6360
6361
6366
6369
6372
6377
6380
6382
6384
6386
6389
6392
6393
6401
6403
6404
6409
6410
6414
6417
6423
6426
6429
6430
6431
6432
6434
6447
6453
6455
6456
6458
6472
6475
6479
6481
6482
6488
6494
6499
6502
6503
6508
6512
6513
6514
6516
6520
6524
6526
6527
6528
6540
6542
6544
6546
6548
6549
6553
6557
6564
6572
6573
6577
6578
6580
6586
6590
6594
6598
6600
6602
6604
6607
6616
6620
6624
6626
6627
6633
6638
6646
6647
6649
6657
6659
6661
6662
6663
6665
6669
6670
6672
6675
6677
6679
6682
6689
6691
6693
6696
6703
6708
6710
6714
6720
6726
6730
6741
6744
6748
6749
6750
6752
6753
6756
6760
6763
6764
6765
6766
6767
6768
6769
6772
6773
6774
6776
6782
6789
6790
6791
6796
6799
6800
6801
6802
6806
6807
6811
6812
6813
6815
6817
6818
6828
6834
6838
6841
6842
6843
6845
6847
6848
6851
6857
6861
6863
6864
6881
6882
6885
6886
6889
6890
6893
6901
6904
6906
6907
6911
6913
6915
6923
6933
6934
6935
6936
6937
6939
6941
6948
6950
6952
6963
6965
6968
6972
6974
6979
6982
6984
6986
6988
6991
6996
7002
7006
7013
7019
7028
7030
7035
7037
7040
7041
7047
7052
7055
7056
7060
7062
7064
7068
7071
7072
7077
7080
7084
7088
7091
7096
7101
7107
7108
7110
7112
7115
7118
7125
7127
7135
7145
7147
7151
7161
7163
7166
7167
7179
7182
7185
7186
7188
7194
7198
7207
7208
7221
7226
7229
7230
7232
7238
7239
7248
7249
7253
7254
7260
7263
7266
7267
7271
7272
7273
7277
7282
7291
7292
7294
7296
7301
7304
7311
7312
7314
7319
7329
7331
7337
7341
7364
7365
7366
7367
7369
7371
7384
7388
7397
7400
7402
7404
7409
7411
7419
7423
7426
7428
7430
7432
7438
7450
7455
7457
7460
7462
7469
7470
7471
7472
7475
7479
7486
7491
7496
7500
7508
7515
7517
7520
7523
7526
7528
7529
7534
7539
7540
7541
7542
7543
7544
7546
7550
7559
7560
7563
7567
7570
7571
7576
7579
7583
7584
7585
7586
7595
7597
7599
7603
7606
7607
7611
7613
7615
7620
7623
7624
7626
7632
7638
7640
7647
7649
7654
7662
7668
7669
7672
7673
7681
7684
7686
7703
7707
7714
7718
7719
7721
7723
7726
7727
7729
7731
7733
7735
7736
7743
7747
7748
7750
7754
7761
7762
7766
7770
7772
7774
7775
7778
7779
7780
7785
7792
7795
7796
7803
7816
7820
7821
7823
7827
7828
7832
7839
7841
7845
7848
7854
7855
7856
7858
7860
7861
7864
7879
7880
7882
7883
7886
7891
7893
7895
7896
7898
7899
7905
7906
7914
7916
7920
7925
7926
7927
7928
7936
7937
7938
7941
7946
7949
7950
7951
7953
7958
7959
7964
7968
7972
7975
7976
7980
7982
7991
7996
7997
8000
8003
8007
8008
8012
8013
8014
8020
8028
8033
8035
8037
8049
8052
8054
8057
8059
8066
8067
8070
8079
8081
8088
8090
8094
8095
8101
8102
8110
8111
8114
8116
8124
8134
8140
8143
8144
8148
8150
8156
8158
8162
8163
8167
8170
8172
8180
8182
8183
8184
8187
8189
8193
8195
8196
8197
8200
8206
8208
8209
8212
8215
8218
8219
8225
8228
8233
8234
8239
8241
8242
8246
8248
8251
8253
8255
8257
8259
8261
8268
8270
8276
8277
8278
8282
8283
8288
8290
8294
8296
8297
8298
8300
8304
8314
8315
8317
8322
8326
8337
8345
8348
8350
8356
8357
8362
8364
8369
8371
8374
8378
8380
8383
8389
8394
8395
8397
8399
8400
8403
8406
8408
8413
8415
8417
8420
8427
8429
8431
8434
8437
8439
8441
8444
8451
8454
8456
8458
8463
8470
8479
8480
8484
8487
8491
8498
8499
8504
8509
8510
8514
8515
8517
8521
8523
8527
8528
8530
8531
8532
8536
8537
8541
8545
8548
8549
8552
8554
8560
8561
8562
8564
8566
8568
8571
8573
8582
8584
8591
8593
8595
8598
8601
8602
8608
8609
8610
8613
8615
8617
8618
8621
8622
8626
8628
8629
8630
8631
8633
8645
8651
8657
8659
8662
8664
8668
8675
8677
8679
8685
8689
8690
8694
8696
8697
8699
8702
8703
8704
8707
8709
8710
8711
8712
8720
8723
8724
8726
8729
8730
8738
8746
8750
8751
8755
8757
8758
8763
8764
8769
8770
8772
8774
8778
8780
8781
8783
8786
8792
8801
8805
8810
8814
8817
8819
8820
8822
8826
8831
8837
8838
8839
8843
8847
8849
8858
8860
8861
8863
8865
8875
8880
8882
8893
8895
8896
8900
8903
8904
8912
8917
8920
8924
8928
8930
8931
8933
8934
8937
8940
8941
8949
8951
8962
8965
8966
8968
8976
8983
8985
8989
8993
8994
8996
9003
9005
9009
9011
9014
9015
9019
9037
9040
9041
9044
9047
9048
9051
9054
9057
9060
9062
9063
9067
9069
9072
9076
9078
9080
9086
9087
9090
9094
9099
9101
9103
9106
9108
9109
9111
9113
9115
9121
9130
9134
9137
9138
9140
9141
9144
9146
9149
9150
9154
9155
9156
9157
9158
9161
9162
9163
9164
9166
9173
9177
9179
9183
9196
9198
9199
9200
9203
9205
9208
9222
9225
9226
9227
9231
9234
9238
9240
9241
9244
9248
9249
9251
9256
9257
9259
9260
9261
9270
9271
9275
9277
9282
9287
9290
9293
9295
9299
9302
9303
9305
9308
9311
9314
9315
9320
9322
9325
9328
9330
9333
9335
9336
9343
9350
9353
9356
9358
9360
9361
9364
9365
9368
9369
9370
9375
9376
9377
9380
9385
9386
9387
9389
9391
9393
9399
9400
9401
9403
9406
9407
9409
9410
9411
9412
9416
9420
9421
9423
9425
9426
9427
9430
9439
9443
9444
9446
9448
9449
9453
9454
9456
9457
9466
9467
9472
9474
9475
9477
9484
9489
9491
9494
9495
9497
9502
9503
9504
9506
9511
9512
9516
9517
9522
9528
9539
9542
9550
9551
9554
9556
9561
9565
9566
9572
9579
9580
9581
9582
9588
9591
9600
9601
9602
9603
9604
9612
9615
9617
9618
9626
9631
9632
9640
9642
9644
9645
9647
9648
9650
9651
9664
9665
9668
9670
9671
9674
9675
9676
9677
9680
9684
9688
9691
9692
9693
9697
9699
9700
9704
9711
9712
9725
9731
9736
9737
9738
9740
9741
9743
9745
9751
9759
9760
9761
9765
9773
9774
9783
9784
9786
9787
9791
9796
9798
9812
9816
9822
9831
9836
9837
9841
9846
9847
9852
9853
9856
9861
9863
9865
9867
9870
9874
9878
9882
9888
9889
9891
9895
9899
9902
9904
9909
9910
9911
9915
9916
9919
9923
9924
9925
9930
9933
9936
9940
9941
9944
9946
9949
9950
9954
9964
9967
9968
9977
9980
9981
9988
9989
9990
9991
9997
1
2
3
4
8
16
23
25
28
32
39
40
47
52
55
57
58
60
62
66
68
69
70
71
73
76
77
79
84
85
86
88
92
96
98
102
105
110
112
117
123
124
125
130
133
137
138
139
144
146
150
152
153
155
161
162
164
169
174
179
180
181
182
184
186
192
193
197
198
199
201
205
206
208
211
213
215
220
224
226
229
234
235
236
237
238
239
240
242
245
247
250
251
253
256
257
261
267
268
271
275
276
277
280
287
294
295
300
306
307
308
310
312
315
317
322
325
327
330
340
341
343
347
355
358
360
361
362
368
370
371
381
382
386
387
392
398
404
409
411
413
421
422
429
430
432
434
437
439
440
441
449
457
463
464
469
472
475
478
487
488
493
501
503
508
509
510
514
515
521
531
536
542
545
548
552
555
560
561
563
567
572
575
583
584
586
592
601
604
606
616
618
624
637
644
647
649
651
654
656
659
660
663
666
668
669
673
674
675
680
688
689
691
693
696
700
702
703
708
712
719
721
726
727
729
730
733
735
737
740
741
744
745
750
751
752
756
757
759
760
762
767
771
772
774
775
777
779
783
787
788
789
796
801
802
805
806
807
810
812
813
816
820
821
825
826
827
828
831
832
840
844
849
852
853
858
871
874
877
879
883
887
888
891
892
894
900
903
918
920
926
928
930
932
936
938
939
942
943
944
948
957
966
970
975
977
978
979
980
981
982
984
989
991
996
1002
1003
1004
1010
1016
1020
1025
1027
1029
1033
1034
1040
1045
1050
1052
1054
1056
1057
1060
1063
1067
1069
1070
1073
1079
1082
1084
1086
1087
1099
1103
1105
1106
1110
1115
1119
1127
1128
1133
1142
1143
1145
1147
1151
1154
1155
1159
1160
1162
1164
1169
1171
1176
1180
1183
1186
1189
1190
1191
1192
1193
1201
1207
1209
1212
1216
1223
1226
1228
1230
1231
1232
1233
1238
1239
1242
1243
1248
1254
1261
1266
1269
1270
1278
1280
1281
1284
1286
1288
1290
1291
1292
1295
1296
1297
1298
1303
1305
1309
1314
1328
1330
1333
1335
1337
1338
1339
1341
1343
1349
1350
1355
1360
1365
1366
1369
1372
1377
1378
1380
1382
1383
1385
1386
1391
1394
1395
1401
1402
1405
1407
1408
1409
1410
1412
1415
1418
1419
1420
1422
1426
1428
1429
1430
1432
1434
1436
1438
1439
1441
1445
1449
1452
1454
1457
1458
1460
1464
1465
1466
1467
1471
1474
1475
1477
1478
1480
1481
1485
1488
1490
1491
1492
1494
1496
1497
1501
1502
1510
1511
1513
1514
1515
1523
1525
1538
1542
1545
1547
1548
1553
1555
1558
1567
1568
1570
1572
1573
1580
1583
1585
1590
1591
1593
1594
1596
1597
1601
1606
1617
1621
1624
1626
1631
1634
1636
1639
1640
1642
1644
1647
1651
1653
1654
1660
1661
1662
1665
1668
1670
1671
1672
1675
1682
1684
1686
1689
1694
1697
1701
1702
1703
1704
1705
1706
1711
1712
1714
1719
1721
1723
1726
1727
1732
1736
1737
1742
1744
1754
1756
1759
1763
1765
1766
1775
1779
1781
1786
1787
1789
1791
1796
1797
1800
1802
1815
1816
1817
1821
1822
1823
1824
1825
1834
1838
1841
1845
1846
1847
1849
1851
1852
1853
1856
1860
1867
1873
1876
1878
1882
1888
1889
1893
1895
1900
1901
1903
1904
1905
1913
1922
1923
1927
1935
1939
1942
1946
1947
1949
1954
1956
1959
1966
1973
1974
1976
1979
1980
1982
1986
1987
1992
1993
1995
2006
2009
2012
2017
2018
2023
2025
2026
2027
2032
2035
2039
2041
2048
2051
2059
2069
2070
2077
2081
2083
2085
2091
2095
2097
2102
2103
2105
2107
2109
2110
2117
2118
2121
2122
2127
2128
2137
2139
2141
2144
2145
2150
2151
2152
2153
2156
2158
2164
2172
2174
2178
2179
2186
2187
2189
2190
2191
2196
2200
2201
2205
2210
2213
2221
2223
2227
2229
2237
2244
2246
2247
2249
2254
2257
2258
2268
2271
2272
2273
2274
2275
2287
2288
2290
2294
2295
2298
2301
2302
2308
2309
2310
2311
2314
2320
2325
2326
2327
2333
2337
2338
2341
2343
2350
2355
2362
2363
2364
2365
2371
2381
2383
2392
2397
2402
2403
2407
2410
2414
2415
2418
2420
2421
2425
2432
2435
2436
2437
2438
2441
2443
2445
2446
2447
2449
2452
2454
2460
2461
2462
2463
2468
2476
2481
2482
2483
2484
2485
2486
2489
2492
2502
2503
2507
2510
2511
2516
2522
2530
2531
2533
2534
2537
2542
2544
2545
2552
2558
2560
2561
2562
2563
2564
2568
2570
2572
2573
2574
2577
2578
2585
2600
2614
2616
2622
2623
2629
2632
2634
2636
2638
2644
2646
2647
2648
2649
2651
2654
2661
2663
2666
2667
2669
2671
2673
2674
2682
2683
2690
2693
2702
2708
2712
2713
2715
2718
2723
2729
2737
2753
2754
2764
2765
2766
2767
2773
2779
2780
2784
2786
2790
2794
2797
2807
2810
2811
2814
2815
2821
2822
2828
2835
2836
2845
2846
2848
2851
2856
2858
2861
2862
2865
2868
2870
2871
2873
2874
2883
2885
2886
2888
2890
2891
2892
2901
2912
2918
2922
2923
2924
2938
2940
2944
2945
2946
2948
2950
2954
2956
2957
2958
2959
2960
2963
2965
2968
2971
2973
2974
2976
2977
2980
2982
2987
2992
2993
2996
2997
3003
3008
3009
3012
3013
3016
3020
3024
3027
3030
3031
3033
3035
3037
3048
3049
3052
3053
3055
3056
3059
3060
3065
3070
3072
3073
3080
3082
3084
3086
3087
3089
3090
3100
3112
3131
3133
3136
3145
3149
3159
3165
3168
3171
3174
3176
3177
3184
3189
3190
3192
3197
3198
3206
3209
3211
3212
3228
3229
3230
3232
3236
3241
3246
3250
3251
3253
3254
3255
3256
3259
3261
3267
3271
3272
3276
3277
3282
3284
3289
3291
3292
3298
3311
3313
3314
3322
3326
3333
3334
3338
3339
3343
3344
3345
3348
3352
3353
3354
3361
3365
3367
3368
3374
3390
3403
3404
3407
3408
3409
3413
3414
3415
3417
3419
3420
3430
3435
3442
3443
3446
3448
3457
3461
3462
3472
3474
3481
3485
3486
3490
3491
3494
3497
3502
3510
3512
3516
3518
3519
3521
3522
3542
3543
3547
3553
3554
3557
3561
3566
3575
3577
3580
3583
3584
3587
3588
3590
3594
3600
3602
3604
3607
3608
3612
3613
3618
3623
3626
3632
3633
3635
3638
3640
3642
3643
3645
3650
3654
3655
3658
3659
3664
3665
3666
3667
3671
3674
3681
3684
3685
3686
3687
3691
3695
3698
3706
3709
3712
3713
3716
3718
3723
3724
3726
3737
3740
3741
3743
3749
3753
3758
3760
3767
3770
3776
3778
3779
3783
3784
3787
3789
3791
3796
3798
3800
3805
3806
3809
3810
3812
3814
3815
3816
3819
3821
3825
3826
3829
3830
3832
3833
3835
3836
3845
3847
3848
3856
3859
3865
3874
3877
3881
3886
3893
3896
3901
3904
3913
3914
3916
3917
3933
3944
3945
3946
3950
3952
3953
3954
3958
3961
3964
3967
3968
3973
3974
3976
3977
3978
3981
3982
3992
3995
3996
3998
4003
4007
4008
4009
4011
4012
4014
4019
4021
4025
4026
4027
4035
4038
4039
4041
4042
4053
4060
4063
4065
4067
4068
4070
4074
4075
4076
4079
4081
4093
4095
4102
4110
4114
4115
4117
4124
4126
4136
4138
4139
4142
4152
4161
4165
4168
4169
4170
4175
4177
4183
4188
4189
4191
4192
4193
4195
4206
4210
4211
4213
4217
4222
4223
4224
4226
4228
4231
4239
4247
4248
4250
4254
4261
4263
4265
4274
4277
4279
4282
4285
4287
4288
4296
4304
4308
4309
4310
4311
4312
4314
4315
4318
4323
4324
4327
4331
4336
4348
4352
4353
4357
4361
4367
4371
4375
4377
4378
4379
4382
4385
4394
4395
4396
4410
4412
4415
4416
4421
4425
4427
4428
4429
4430
4434
4437
4439
4442
4447
4457
4460
4462
4470
4474
4481
4486
4487
4493
4494
4497
4500
4501
4504
4505
4507
4511
4519
4529
4530
4537
4541
4543
4547
4548
4551
4552
4554
4557
4558
4561
4563
4568
4570
4577
4585
4586
4590
4591
4595
4600
4601
4611
4613
4614
4616
4618
4621
4630
4634
4638
4641
4643
4644
4651
4659
4661
4666
4671
4674
4677
4682
4684
4687
4695
4697
4698
4702
4703
4706
4708
4711
4722
4726
4729
4733
4734
4741
4742
4743
4746
4749
4753
4754
4756
4758
4759
4768
4770
4772
4774
4777
4799
4806
4813
4815
4821
4822
4826
4827
4832
4833
4834
4837
4840
4841
4845
4848
4849
4851
4852
4863
4864
4866
4870
4871
4882
4892
4895
4899
4907
4913
4921
4923
4933
4935
4937
4938
4943
4944
4951
4957
4962
4970
4972
4974
4976
4978
4980
4981
4983
4986
4988
4991
4992
5000
5006
5018
5019
5034
5036
5037
5041
5043
5044
5047
5055
5056
5059
5069
5070
5074
5075
5076
5078
5080
5089
5092
5097
5098
5100
5103
5104
5106
5110
5117
5118
5119
5121
5124
5125
5126
5133
5134
5135
5140
5144
5145
5146
5148
5151
5157
5161
5167
5170
5172
5175
5178
5182
5185
5190
5192
5195
5197
5208
5212
5214
5217
5221
5224
5228
5231
5236
5240
5241
5245
5248
5249
5252
5253
5257
5260
5262
5263
5267
5269
5272
5274
5278
5279
5289
5293
5297
5303
5309
5311
5316
5317
5318
5319
5323
5325
5328
5332
5333
5334
5337
5341
5344
5347
5349
5350
5354
5358
5359
5361
5363
5365
5375
5377
5378
5382
5384
5385
5391
5399
5404
5407
5410
5412
5417
5422
5428
5429
5434
5439
5441
5446
5449
5453
5455
5456
5460
5464
5468
5495
5498
5500
5504
5505
5506
5508
5510
5511
5515
5517
5518
5521
5525
5535
5542
5543
5549
5550
5551
5553
5561
5562
5565
5566
5568
5570
5572
5573
5574
5584
5585
5588
5589
5594
5595
5597
5601
5602
5605
5606
5618
5623
5625
5626
5628
5634
5635
5637
5641
5647
5650
5655
5657
5661
5662
5666
5667
5668
5669
5670
5672
5676
5677
5678
5680
5684
5686
5687
5691
5695
5699
5705
5712
5715
5720
5724
5728
5732
5739
5741
5744
5746
5747
5749
5754
5761
5762
5765
5766
5768
5773
5783
5784
5786
5791
5792
5794
5797
5800
5802
5805
5808
5810
5812
5814
5816
5818
5819
5820
5822
5824
5826
5829
5831
5834
5836
5839
5846
5849
5850
5853
5855
5861
5862
5869
5872
5878
5881
5885
5890
5909
5912
5925
5937
5938
5939
5941
5944
5958
5960
5964
5969
5970
5971
5975
5976
5983
5985
5986
5987
5990
5994
5995
6004
6011
6025
6030
6033
6036
6037
6039
6041
6047
6051
6055
6056
6062
6065
6066
6068
6075
6079
6082
6083
6085
6094
6095
6096
6099
6100
6104
6106
6111
6115
6117
6121
6126
6138
6144
6155
6159
6165
6169
6173
6175
6177
6178
6182
6186
6187
6188
6189
6190
6192
6194
6197
6200
6202
6203
6204
6207
6210
6212
6214
6215
6216
6219
6234
6236
6239
6243
6245
6247
6252
6253
6266
6267
6271
6273
6274
6275
6281
6283
6286
6290
6292
6296
6299
6300
6302
6304
6305
6306
6313
6315
6318
6325
6332
6340
6341
6343
6345
6349
6350
6352
6354
6356
6358
6360
6361
6366
6369
6372
6377
6380
6382
6384
6386
6389
6392
6393
6401
6403
6404
6409
6410
6414
6417
6423
6426
6429
6430
6431
6432
6434
6447
6453
6455
6456
6458
6472
6475
6479
6481
6482
6488
6494
6499
6502
6503
6508
6512
6513
6514
6516
6520
6524
6526
6527
6528
6540
6542
6544
6546
6548
6549
6553
6557
6564
6572
6573
6577
6578
6580
6586
6590
6594
6598
6600
6602
6604
6607
6616
6620
6624
6626
6627
6633
6638
6646
6647
6649
6657
6659
6661
6662
6663
6665
6669
6670
6672
6675
6677
6679
6682
6689
6691
6693
6696
6703
6708
6710
6714
6720
6726
6730
6741
6744
6748
6749
6750
6752
6753
6756
6760
6763
6764
6765
6766
6767
6768
6769
6772
6773
6774
6776
6782
6789
6790
6791
6796
6799
6800
6801
6802
6806
6807
6811
6812
6813
6815
6817
6818
6828
6834
6838
6841
6842
6843
6845
6847
6848
6851
6857
6861
6863
6864
6881
6882
6885
6886
6889
6890
6893
6901
6904
6906
6907
6911
6913
6915
6923
6933
6934
6935
6936
6937
6939
6941
6948
6950
6952
6963
6965
6968
6972
6974
6979
6982
6984
6986
6988
6991
6996
7002
7006
7013
7019
7028
7030
7035
7037
7040
7041
7047
7052
7055
7056
7060
7062
7064
7068
7071
7072
7077
7080
7084
7088
7091
7096
7101
7107
7108
7110
7112
7115
7118
7125
7127
7135
7145
7147
7151
7161
7163
7166
7167
7179
7182
7185
7186
7188
7194
7198
7207
7208
7221
7226
7229
7230
7232
7238
7239
7248
7249
7253
7254
7260
7263
7266
7267
7271
7272
7273
7277
7282
7291
7292
7294
7296
7301
7304
7311
7312
7314
7319
7329
7331
7337
7341
7364
7365
7366
7367
7369
7371
7384
7388
7397
7400
7402
7404
7409
7411
7419
7423
7426
7428
7430
7432
7438
7450
7455
7457
7460
7462
7469
7470
7471
7472
7475
7479
7486
7491
7496
7500
7508
7515
7517
7520
7523
7526
7528
7529
7534
7539
7540
7541
7542
7543
7544
7546
7550
7559
7560
7563
7567
7570
7571
7576
7579
7583
7584
7585
7586
7595
7597
7599
7603
7606
7607
7611
7613
7615
7620
7623
7624
7626
7632
7638
7640
7647
7649
7654
7662
7668
7669
7672
7673
7681
7684
7686
7703
7707
7714
7718
7719
7721
7723
7726
7727
7729
7731
7733
7735
7736
7743
7747
7748
7750
7754
7761
7762
7766
7770
7772
7774
7775
7778
7779
7780
7785
7792
7795
7796
7803
7816
7820
7821
7823
7827
7828
7832
7839
7841
7845
7848
7854
7855
7856
7858
7860
7861
7864
7879
7880
7882
7883
7886
7891
7893
7895
7896
7898
7899
7905
7906
7914
7916
7920
7925
7926
7927
7928
7936
7937
7938
7941
7946
7949
7950
7951
7953
7958
7959
7964
7968
7972
7975
7976
7980
7982
7991
7996
7997
8000
8003
8007
8008
8012
8013
8014
8020
8028
8033
8035
8037
8049
8052
8054
8057
8059
8066
8067
8070
8079
8081
8088
8090
8094
8095
8101
8102
8110
8111
8114
8116
8124
8134
8140
8143
8144
8148
8150
8156
8158
8162
8163
8167
8170
8172
8180
8182
8183
8184
8187
8189
8193
8195
8196
8197
8200
8206
8208
8209
8212
8215
8218
8219
8225
8228
8233
8234
8239
8241
8242
8246
8248
8251
8253
8255
8257
8259
8261
8268
8270
8276
8277
8278
8282
8283
8288
8290
8294
8296
8297
8298
8300
8304
8314
8315
8317
8322
8326
8337
8345
8348
8350
8356
8357
8362
8364
8369
8371
8374
8378
8380
8383
8389
8394
8395
8397
8399
8400
8403
8406
8408
8413
8415
8417
8420
8427
8429
8431
8434
8437
8439
8441
8444
8451
8454
8456
8458
8463
8470
8479
8480
8484
8487
8491
8498
8499
8504
8509
8510
8514
8515
8517
8521
8523
8527
8528
8530
8531
8532
8536
8537
8541
8545
8548
8549
8552
8554
8560
8561
8562
8564
8566
8568
8571
8573
8582
8584
8591
8593
8595
8598
8601
8602
8608
8609
8610
8613
8615
8617
8618
8621
8622
8626
8628
8629
8630
8631
8633
8645
8651
8657
8659
8662
8664
8668
8675
8677
8679
8685
8689
8690
8694
8696
8697
8699
8702
8703
8704
8707
8709
8710
8711
8712
8720
8723
8724
8726
8729
8730
8738
8746
8750
8751
8755
8757
8758
8763
8764
8769
8770
8772
8774
8778
8780
8781
8783
8786
8792
8801
8805
8810
8814
8817
8819
8820
8822
8826
8831
8837
8838
8839
8843
8847
8849
8858
8860
8861
8863
8865
8875
8880
8882
8893
8895
8896
8900
8903
8904
8912
8917
8920
8924
8928
8930
8931
8933
8934
8937
8940
8941
8949
8951
8962
8965
8966
8968
8976
8983
8985
8989
8993
8994
8996
9003
9005
9009
9011
9014
9015
9019
9037
9040
9041
9044
9047
9048
9051
9054
9057
9060
9062
9063
9067
9069
9072
9076
9078
9080
9086
9087
9090
9094
9099
9101
9103
9106
9108
9109
9111
9113
9115
9121
9130
9134
9137
9138
9140
9141
9144
9146
9149
9150
9154
9155
9156
9157
9158
9161
9162
9163
9164
9166
9173
9177
9179
9183
9196
9198
9199
9200
9203
9205
9208
9222
9225
9226
9227
9231
9234
9238
9240
9241
9244
9248
9249
9251
9256
9257
9259
9260
9261
9270
9271
9275
9277
9282
9287
9290
9293
9295
9299
9302
9303
9305
9308
9311
9314
9315
9320
9322
9325
9328
9330
9333
9335
9336
9343
9350
9353
9356
9358
9360
9361
9364
9365
9368
9369
9370
9375
9376
9377
9380
9385
9386
9387
9389
9391
9393
9399
9400
9401
9403
9406
9407
9409
9410
9411
9412
9416
9420
9421
9423
9425
9426
9427
9430
9439
9443
9444
9446
9448
9449
9453
9454
9456
9457
9466
9467
9472
9474
9475
9477
9484
9489
9491
9494
9495
9497
9502
9503
9504
9506
9511
9512
9516
9517
9522
9528
9539
9542
9550
9551
9554
9556
9561
9565
9566
9572
9579
9580
9581
9582
9588
9591
9600
9601
9602
9603
9604
9612
9615
9617
9618
9626
9631
9632
9640
9642
9644
9645
9647
9648
9650
9651
9664
9665
9668
9670
9671
9674
9675
9676
9677
9680
9684
9688
9691
9692
9693
9697
9699
9700
9704
9711
9712
9725
9731
9736
9737
9738
9740
9741
9743
9745
9751
9759
9760
9761
9765
9773
9774
9783
9784
9786
9787
9791
9796
9798
9812
9816
9822
9831
9836
9837
9841
9846
9847
9852
9853
9856
9861
9863
9865
9867
9870
9874
9878
9882
9888
9889
9891
9895
9899
9902
9904
9909
9910
9911
9915
9916
9919
9923
9924
9925
9930
9933
9936
9940
9941
9944
9946
9949
9950
9954
9964
9967
9968
9977
9980
9981
9988
9989
9990
9991
9997
